step_count: 1.000000
test_avg_gen_time: 0.359721
test_avg_loss: 1.057418
test_avg_sari_avgaddscore: 0.432474
test_avg_sari_avgdelscore: 0.685188
test_avg_sari_avgkeepscore: 0.436876
test_avg_sari_finalscore: 0.518179
test_avg_summ_len: 18.110000
test_loss: 1.057418
test_sari_avgaddscore: 0.432474
step_count: 1.000000
test_avg_gen_time: 0.334413
test_avg_loss: 1.382877
test_avg_sari_avgaddscore: 0.147259
test_avg_sari_avgdelscore: 0.690125
test_avg_sari_avgkeepscore: 0.697708
test_avg_sari_finalscore: 0.511697
test_avg_summ_len: 17.251000
test_loss: 1.382877
test_sari_avgaddscore: 0.147259
